VCP11 514
#fixed angle No Pulses azimuth rate
88 17 13600 
88 0 14000 
264 16 12664 
264 0 14000 
440 16 11736 
608 6 24760 
784 6 24760 
952 10 12712 
1128 10 12720 
1368 0 18328 
1584 0 18496 
1824 0 18512 
2184 0 18544 
2552 0 18576 
3040 0 18640 
3552 0 18712 
#
#
#Information concerning VCP 12 was obtained from the following web sit
#http://www.roc.noaa.gov/app/vcp/index.htm
#
VCP12 514
#fixed angle No Pulses azimuth rate
91 15 15401 
91 0 18204 
164 15 15401 
164 0 18204 
237 15 15401 
237 0 18204 
328 3 19297 
437 3 20393 
564 3 20393 
728 3 20393 
928 3 20393 
1165 0 20680 
1456 0 20680 
1820 0 21033 
2275 0 20928 
2840 0 20928 
3550 0 20928 
#
#
VCP21 514
#fixed angle No Pulses azimuth rate
88 28 8256
88 0 8272
264 28 8256
264 0 8272
440 8 7888
608 8 7888
784 8 8160
1096 12 8160
1800 0 10640
2656 0 10432
3552 0 10496
#
#
VCP31 516
#fixed angle No Pulses azimuth rate
88 63 3672
88 0 3688
272 63 3672
272 0 3688
456 63 3672
456 0 3688
640 0 3688
816 0 3688
#
#
VCP32 514
#fixed angle No Pulses azimuth rate
88 64 3616
88 0 3312
272 64 3616
272 0 3312
456 11 2960
640 11 2960
816 11 2960
#
#
VCP300 514
#fixed angle No Pulses azimuth rate
88 28 8256
88 0 8272
440 8 8160
1800 0 10384
#
#
#Information concerning VCP 121 was obtained from the following web sit
#http://www.roc.noaa.gov/app/vcp/index.htm
#
VCP121 514
91 11 21336
91 0 21696
91 0 19952
91 0 15584
264 11 21336
264 0 21696
264 0 19952
264 0 15584
437 6 13985
437 0 19952
437 0 15584
610 6 15729
610 0 19952
610 0 15584
783 6 16078
783 0 8884
1092 6 12976
1802 0 8884
2658 0 8796
3550 0 8796