

 EDIT FILE SUMMARY ...
 
VOL. NAME=07140109

 MUDRAS (.MUD)  VOLUME HEADER               UNKNOW  
  GENERAL INFORMATION...
   DATE:      07/14/11     SOURCE:             SCIENTIST: NONE  
   BEG TIME:  01:09:39     RADAR:   NONE       SUBMITTER: ljmill
   END TIME:  01:13:53     PROGRAM: SPRINT     DATE RUN:  03/20/12
   VOL. NAME: 07140109     PROJECT: COPE       TIME RUN:  11:52:09
   COORD SYS: ELEV         TAPE:    UNKNOW     SEQUENCE:        

  DATA CHARACTERISTICS...
   COMPUTER:      CR     RECS/FIELD:     11     PTS/FIELD:   32761
   BITS/DATUM:    16     RECS/PLANE:     33     NO. PLANES:     14
   BLOCK SIZE:  3200     RECS/VOLUME:   477     BAD DATA:   -32768
   WORDS/PLANE:16381     WORDS/FIELD: *****     MAX FIELDS:     25

  FIELDS PRESENT:  3 ...
    NO.   NAME       SCALE FACTOR
      1   RENO           100
      2   VRNO           100
      3   SWNO           100

  LANDMARKS PRESENT:  2     ( 1 RADAR) ...
    NO.   NAME      X (KM)    Y (KM)    Z (KM)
      1   ORIGIN      0.00      0.00     0.000
      2   NONE        7.81    -73.44     1.705
  NYQUIST VELOCITY:   33.27       RADAR CONSTANT:    0.00

  ORIGIN  LATITUDE:      40 DEG    26 MIN    46.00 SEC
         LONGITUDE:     104 DEG    38 MIN    13.00 SEC

  CARTESIAN COORDINATE SYSTEM SPECIFICATIONS...
   AXIS           MINIMUM         MAXIMUM          DELTA        NO. OF PTS.
     X         -80.000 KM        10.000 KM        0.500 KM      181
     Y         -80.000 KM        10.000 KM        0.500 KM      181
     E           0.480 DEG       19.520 DEG       1.269 DEG      14

   AXIS ORDER IS   X  Y  E  
   ANGLE OF THE X-AXIS RELATIVE TO NORTH:     90.00    DEG.
   (X,Y)  AXIS ARE SPECIFIED RELATIVE TO:  (   0.00,   0.00)

        STATISTICS ARE FROM (  1 TO 181)   ( -80.000 TO   10.000 KM  ) ALONG I
                            (  1 TO 181)   ( -80.000 TO   10.000 KM  ) ALONG J
                            (  1 TO  14)   (   0.480 TO   19.520 DEG ) ALONG K



 RENO     E  DEG      MEAN    STDV      N   I1  I2  J1  J2        MIN     MAX
           0.479      7.93   15.32  19841    1 181   1 181     -29.00   68.33
           0.879      7.56   17.03  16097    1 181   1 181     -28.50   67.01
           1.309      7.92   17.62  15525    1 181   1 181     -30.50   68.71
           1.799      9.87   16.61  13577    1 181   1 181     -28.37   68.71
           2.419     11.19   16.53  12690    1 181   1 181     -28.50   64.05
           3.129     12.93   16.44  11632    1 181   1 181     -29.50   64.31
           4.000     13.40   15.53  13054    1 181   1 180     -28.50   64.13
           5.089     14.45   13.32  17411    9 181   1 181     -28.50   59.89
           6.420     11.78   12.28  16172   10 181   1 181     -28.00   57.79
           8.000      7.00   11.01  12917    2 181   1 175     -29.00   50.13
          10.019      2.70   10.56   7507    3 181   1 170     -28.50   48.45
          12.479      1.80   12.33   4796    1 181   1 181     -29.50   48.09
          15.589      3.23   14.66   3453    7 181   1 175     -29.65   53.49
          19.520      6.04   14.94   3018   40 181   1 158     -30.50   50.23
          VOLUME      9.51   15.38 167690    1 181   1 181     -30.50   68.71

 VRNO     E  DEG      MEAN    STDV      N   I1  I2  J1  J2        MIN     MAX
           0.479      4.20    5.01  14454    1 181   1 181     -28.50   28.50
           0.879      4.00    4.16  11840    1 181   1 181     -28.50   28.01
           1.309      2.47    3.59  11270    1 181   1 181     -27.50   27.00
           1.799      1.44    3.99  12367    1 181   1 181     -23.50   22.95
           2.419      0.62    4.77  11924    1 181   1 181     -19.71   30.50
           3.129     -1.23    5.63  11062    1 181   1 181     -29.50   26.35
           4.000     -2.68    5.28  12621    1 181   1 180     -27.67   26.50
           5.089     -2.04    4.98  16970   23 181   1 181     -26.05   27.00
           6.420     -0.76    6.40  15843   10 181   1 180     -23.37   22.50
           8.000     -2.61    7.16  12917    2 181   1 175     -24.00   26.00
          10.019     -3.66    7.65   7508    3 181   1 170     -25.81   26.43
          12.479     -2.05    8.67   4700   14 181   1 173     -33.00   33.00
          15.589     -2.59    8.32   3391   49 181   1 131     -23.53   15.57
          19.520     -1.72    8.36   2995   70 181   1 111     -22.47   13.75
          VOLUME     -0.12    6.23 149862    1 181   1 181     -33.00   33.00

 SWNO     E  DEG      MEAN    STDV      N   I1  I2  J1  J2        MIN     MAX
           0.479      3.98    3.63  14582    1 181   1 181       0.00   16.51
           0.879      2.89    2.82  11976    1 181   1 181       0.00   16.51
           1.309      2.33    1.78  11342    1 181   1 181       0.00   16.50
           1.799      1.98    1.65  12367    1 181   1 181       0.00   19.00
           2.419      2.13    1.75  11924    1 181   1 181       0.00   19.00
           3.129      2.29    1.80  11062    1 181   1 181       0.00   19.00
           4.000      2.01    1.59  12621    1 181   1 180       0.00   19.00
           5.089      2.26    1.40  16970   23 181   1 181       0.00   19.00
           6.420      2.03    1.38  15843   10 181   1 180       0.00   19.00
           8.000      2.08    1.55  12916    2 181   1 175       0.00   16.50
          10.019      1.76    1.58   7507    3 181   1 170       0.00   17.50
          12.479      2.59    3.88   4700   14 181   1 173       0.00   19.00
          15.589      1.43    1.26   3391   49 181   1 131       0.00   13.71
          19.520      1.41    1.15   2995   70 181   1 111       0.00   10.50
          VOLUME      2.34    2.18 150196    1 181   1 181       0.00   19.00

 Xgrid    E  DEG      MEAN    STDV      N   I1  I2  J1  J2        MIN     MAX
           0.479    -35.00   26.12  32761    1 181   1 181     -80.00   10.00
           0.879    -35.00   26.12  32761    1 181   1 181     -80.00   10.00
           1.309    -35.00   26.12  32761    1 181   1 181     -80.00   10.00
           1.799    -35.00   26.12  32761    1 181   1 181     -80.00   10.00
           2.419    -35.00   26.12  32761    1 181   1 181     -80.00   10.00
           3.129    -35.00   26.12  32761    1 181   1 181     -80.00   10.00
           4.000    -35.00   26.12  32761    1 181   1 181     -80.00   10.00
           5.089    -35.00   26.12  32761    1 181   1 181     -80.00   10.00
           6.420    -35.00   26.12  32761    1 181   1 181     -80.00   10.00
           8.000    -35.00   26.12  32761    1 181   1 181     -80.00   10.00
          10.019    -35.00   26.12  32761    1 181   1 181     -80.00   10.00
          12.479    -35.00   26.12  32761    1 181   1 181     -80.00   10.00
          15.589    -35.00   26.12  32761    1 181   1 181     -80.00   10.00
          19.520    -35.00   26.12  32761    1 181   1 181     -80.00   10.00
          VOLUME    -35.00   26.12 458654    1 181   1 181     -80.00   10.00

 Ygrid    E  DEG      MEAN    STDV      N   I1  I2  J1  J2        MIN     MAX
           0.479    -35.00   26.12  32761    1 181   1 181     -80.00   10.00
           0.879    -35.00   26.12  32761    1 181   1 181     -80.00   10.00
           1.309    -35.00   26.12  32761    1 181   1 181     -80.00   10.00
           1.799    -35.00   26.12  32761    1 181   1 181     -80.00   10.00
           2.419    -35.00   26.12  32761    1 181   1 181     -80.00   10.00
           3.129    -35.00   26.12  32761    1 181   1 181     -80.00   10.00
           4.000    -35.00   26.12  32761    1 181   1 181     -80.00   10.00
           5.089    -35.00   26.12  32761    1 181   1 181     -80.00   10.00
           6.420    -35.00   26.12  32761    1 181   1 181     -80.00   10.00
           8.000    -35.00   26.12  32761    1 181   1 181     -80.00   10.00
          10.019    -35.00   26.12  32761    1 181   1 181     -80.00   10.00
          12.479    -35.00   26.12  32761    1 181   1 181     -80.00   10.00
          15.589    -35.00   26.12  32761    1 181   1 181     -80.00   10.00
          19.520    -35.00   26.12  32761    1 181   1 181     -80.00   10.00
          VOLUME    -35.00   26.12 458654    1 181   1 181     -80.00   10.00

 Zgrid    E  DEG      MEAN    STDV      N   I1  I2  J1  J2        MIN     MAX
           0.479      0.48    0.00  32761    1 181   1 181       0.48    0.48
           0.879      0.87    0.00  32761    1 181   1 181       0.88    0.88
           1.309      1.31    0.00  32761    1 181   1 181       1.31    1.31
           1.799      1.80    0.00  32761    1 181   1 181       1.80    1.80
           2.419      2.42    0.00  32761    1 181   1 181       2.42    2.42
           3.129      3.12    0.00  32761    1 181   1 181       3.12    3.12
           4.000      4.00    0.00  32761    1 181   1 181       4.00    4.00
           5.089      5.09    0.00  32761    1 181   1 181       5.09    5.09
           6.420      6.42    0.00  32761    1 181   1 181       6.42    6.42
           8.000      8.00    0.00  32761    1 181   1 181       8.00    8.00
          10.019     10.02    0.00  32761    1 181   1 181      10.02   10.02
          12.479     12.48    0.00  32761    1 181   1 181      12.48   12.48
          15.589     15.59    0.00  32761    1 181   1 181      15.59   15.59
          19.520     19.52    0.00  32761    1 181   1 181      19.52   19.52
          VOLUME      6.51    5.70 458654    1 181   1 181       0.48   19.52
